Brown University Keck/NASA Relab Spectrum SC-EAC-002/C1SC02
Wavelength(micron)	Reflectance
0.3	0.09054
0.305	0.11472
0.31	0.11719
0.315	0.12977
0.32	0.14769
0.325	0.16821
0.33	0.19615
0.335	0.22765
0.34	0.26169
0.345	0.29650
0.35	0.33259
0.355	0.36489
0.36	0.39772
0.365	0.42135
0.37	0.44356
0.375	0.45878
0.38	0.46848
0.385	0.47754
0.39	0.48796
0.395	0.49698
0.4	0.51285
0.405	0.51876
0.41	0.53956
0.415	0.54789
0.42	0.55402
0.425	0.55648
0.43	0.55948
0.435	0.56123
0.44	0.56708
0.445	0.56860
0.45	0.56456
0.455	0.56700
0.46	0.57689
0.465	0.58837
0.47	0.59346
0.475	0.60090
0.48	0.61669
0.485	0.61865
0.49	0.61828
0.495	0.62126
0.5	0.63896
0.505	0.65880
0.51	0.66940
0.515	0.67572
0.52	0.68157
0.525	0.68612
0.53	0.69276
0.535	0.70027
0.54	0.71045
0.545	0.71760
0.55	0.72477
0.555	0.72974
0.56	0.73246
0.565	0.73319
0.57	0.73136
0.575	0.72787
0.58	0.72324
0.585	0.71902
0.59	0.71582
0.595	0.71103
0.6	0.70674
0.605	0.70175
0.61	0.69623
0.615	0.68777
0.62	0.67989
0.625	0.67431
0.63	0.66997
0.635	0.66550
0.64	0.66471
0.645	0.66640
0.65	0.66705
0.655	0.66980
0.66	0.67176
0.665	0.67292
0.67	0.67175
0.675	0.67061
0.68	0.66644
0.685	0.66254
0.69	0.65954
0.695	0.65367
0.7	0.64794
0.705	0.64072
0.71	0.63107
0.715	0.62415
0.72	0.61519
0.725	0.60805
0.73	0.59831
0.735	0.58943
0.74	0.58055
0.745	0.56922
0.75	0.55854
0.755	0.55010
0.76	0.53903
0.765	0.52855
0.77	0.51873
0.775	0.50918
0.78	0.50058
0.785	0.49180
0.79	0.48168
0.795	0.47566
0.8	0.46851
0.805	0.46103
0.81	0.45456
0.815	0.44786
0.82	0.44151
0.825	0.43604
0.83	0.43013
0.835	0.42610
0.84	0.42249
0.845	0.41783
0.85	0.41381
0.855	0.41022
0.86	0.40628
0.865	0.40276
0.87	0.39974
0.875	0.39739
0.88	0.39447
0.885	0.39090
0.89	0.38748
0.895	0.38353
0.9	0.38016
0.905	0.37557
0.91	0.37076
0.915	0.36662
0.92	0.36078
0.925	0.35597
0.93	0.35037
0.935	0.34398
0.94	0.33716
0.945	0.33038
0.95	0.32243
0.955	0.31606
0.96	0.30925
0.965	0.30211
0.97	0.29553
0.975	0.28896
0.98	0.28304
0.985	0.27685
0.99	0.27141
0.995	0.26526
1	0.26044
1.005	0.25619
1.01	0.25149
1.015	0.24764
1.02	0.24361
1.025	0.24013
1.03	0.23783
1.035	0.23622
1.04	0.23387
1.045	0.23408
1.05	0.23283
1.055	0.23243
1.06	0.23297
1.065	0.23355
1.07	0.23454
1.075	0.23608
1.08	0.23859
1.085	0.24133
1.09	0.24340
1.095	0.24684
1.1	0.25061
1.105	0.25364
1.11	0.25819
1.115	0.26219
1.12	0.26487
1.125	0.26876
1.13	0.27231
1.135	0.27529
1.14	0.27904
1.145	0.28228
1.15	0.28679
1.155	0.28987
1.16	0.29157
1.165	0.29423
1.17	0.29700
1.175	0.29937
1.18	0.30122
1.185	0.30379
1.19	0.30619
1.195	0.30784
1.2	0.31039
1.205	0.31172
1.21	0.31406
1.215	0.31549
1.22	0.31796
1.225	0.32072
1.23	0.32255
1.235	0.32435
1.24	0.32594
1.245	0.32862
1.25	0.33129
1.255	0.33272
1.26	0.33543
1.265	0.33841
1.27	0.34061
1.275	0.34359
1.28	0.34639
1.285	0.34916
1.29	0.35259
1.295	0.35698
1.3	0.36103
1.305	0.36422
1.31	0.36748
1.315	0.37117
1.32	0.37568
1.325	0.37991
1.33	0.38481
1.335	0.38974
1.34	0.39355
1.345	0.39913
1.35	0.40410
1.355	0.40867
1.36	0.41259
1.365	0.41896
1.37	0.42489
1.375	0.42962
1.38	0.43657
1.385	0.44216
1.39	0.44717
1.395	0.45352
1.4	0.45952
1.405	0.46583
1.41	0.47124
1.415	0.47699
1.42	0.48451
1.425	0.49063
1.43	0.49803
1.435	0.50529
1.44	0.51057
1.445	0.51663
1.45	0.52432
1.455	0.53074
1.46	0.53777
1.465	0.54581
1.47	0.55343
1.475	0.55867
1.48	0.56632
1.485	0.57292
1.49	0.57875
1.495	0.58618
1.5	0.59135
1.505	0.59863
1.51	0.60628
1.515	0.61234
1.52	0.61909
1.525	0.62445
1.53	0.63352
1.535	0.64048
1.54	0.64487
1.545	0.65215
1.55	0.65861
1.555	0.66534
1.56	0.67202
1.565	0.67605
1.57	0.68170
1.575	0.68666
1.58	0.69195
1.585	0.69771
1.59	0.70383
1.595	0.70783
1.6	0.71315
1.605	0.71771
1.61	0.72300
1.615	0.72790
1.62	0.73266
1.625	0.73607
1.63	0.73976
1.635	0.74427
1.64	0.74831
1.645	0.75237
1.65	0.75684
1.655	0.76015
1.66	0.76094
1.665	0.76365
1.67	0.76620
1.675	0.76966
1.68	0.77269
1.685	0.77498
1.69	0.77690
1.695	0.77977
1.7	0.78182
1.705	0.78416
1.71	0.78726
1.715	0.78965
1.72	0.79134
1.725	0.79292
1.73	0.79503
1.735	0.79679
1.74	0.79791
1.745	0.79961
1.75	0.80088
1.755	0.80294
1.76	0.80424
1.765	0.80499
1.77	0.80611
1.775	0.80813
1.78	0.80896
1.785	0.80997
1.79	0.81137
1.795	0.81228
1.8	0.81388
1.805	0.81500
1.81	0.81695
1.815	0.81741
1.82	0.82005
1.825	0.82088
1.83	0.82187
1.835	0.82279
1.84	0.82469
1.845	0.82561
1.85	0.82560
1.855	0.82614
1.86	0.82684
1.865	0.82582
1.87	0.82685
1.875	0.83174
1.88	0.83110
1.885	0.82712
1.89	0.82750
1.895	0.82696
1.9	0.82589
1.905	0.82880
1.91	0.82935
1.915	0.82912
1.92	0.82880
1.925	0.82880
1.93	0.82786
1.935	0.82909
1.94	0.82898
1.945	0.82869
1.95	0.82897
1.955	0.82910
1.96	0.82870
1.965	0.82822
1.97	0.82867
1.975	0.82846
1.98	0.82914
1.985	0.83026
1.99	0.83146
1.995	0.83112
2	0.83109
2.005	0.83263
2.01	0.83249
2.015	0.83312
2.02	0.83463
2.025	0.83407
2.03	0.83448
2.035	0.83557
2.04	0.83541
2.045	0.83570
2.05	0.83637
2.055	0.83676
2.06	0.83723
2.065	0.83751
2.07	0.83800
2.075	0.83837
2.08	0.83825
2.085	0.83939
2.09	0.83993
2.095	0.83999
2.1	0.84025
2.105	0.84057
2.11	0.84118
2.115	0.84130
2.12	0.84399
2.125	0.84307
2.13	0.84391
2.135	0.84471
2.14	0.84430
2.145	0.84412
2.15	0.84438
2.155	0.84450
2.16	0.84504
2.165	0.84482
2.17	0.84350
2.175	0.84369
2.18	0.84315
2.185	0.84312
2.19	0.84223
2.195	0.84193
2.2	0.84234
2.205	0.84204
2.21	0.84222
2.215	0.84204
2.22	0.84256
2.225	0.84245
2.23	0.84208
2.235	0.84165
2.24	0.84222
2.245	0.84200
2.25	0.84167
2.255	0.84237
2.26	0.84227
2.265	0.84256
2.27	0.84231
2.275	0.84232
2.28	0.84210
2.285	0.84299
2.29	0.84244
2.295	0.84273
2.3	0.84272
2.305	0.84385
2.31	0.84386
2.315	0.84389
2.32	0.84389
2.325	0.84336
2.33	0.84262
2.335	0.84288
2.34	0.84307
2.345	0.84180
2.35	0.84080
2.355	0.84168
2.36	0.84203
2.365	0.84136
2.37	0.84068
2.375	0.84094
2.38	0.84006
2.385	0.84029
2.39	0.84115
2.395	0.83978
2.4	0.83894
2.405	0.83916
2.41	0.83718
2.415	0.83874
2.42	0.83794
2.425	0.83740
2.43	0.83750
2.435	0.83668
2.44	0.83626
2.445	0.83669
2.45	0.83714
2.455	0.83493
2.46	0.83411
2.465	0.83323
2.47	0.83304
2.475	0.83068
2.48	0.83070
2.485	0.83117
2.49	0.83124
2.495	0.83219
2.5	0.83327
2.505	0.83226
2.51	0.83141
2.515	0.82951
2.52	0.82893
2.525	0.82813
2.53	0.82889
2.535	0.82827
2.54	0.82874
2.545	0.82888
2.55	0.82638
2.555	0.82754
2.56	0.82508
2.565	0.82388
2.57	0.82174
2.575	0.82282
2.58	0.82319
2.585	0.81578
2.59	0.81618
2.595	0.81735
2.6	0.81765
2.605	0.81588
2.61	0.81590
2.615	0.81386
2.62	0.81609
2.625	0.81551
2.63	0.81470
2.635	0.81166
2.64	0.81261
2.645	0.81016
2.65	0.81147
2.655	0.80946
2.66	0.80823
2.665	0.79889
2.67	0.79458
2.675	0.79144
2.68	0.79052
2.685	0.79416
2.69	0.79224
2.695	0.79026
2.7	0.78529
2.705	0.76851
2.71	0.76205
2.715	0.75647
2.72	0.75044
2.725	0.74735
2.73	0.74224
2.735	0.73314
2.74	0.72549
2.745	0.71735
2.75	0.70637
2.755	0.70456
2.76	0.70266
2.765	0.68529
2.77	0.68329
2.775	0.67271
2.78	0.67076
2.785	0.66635
2.79	0.65321
2.795	0.64788
2.8	0.64818
2.805	0.64627
2.81	0.64382
2.815	0.64210
2.82	0.63558
2.825	0.62946
2.83	0.63121
2.835	0.63405
2.84	0.62758
2.845	0.62640
2.85	0.62102
2.855	0.61830
2.86	0.62002
2.865	0.61799
2.87	0.61843
2.875	0.61554
2.88	0.61720
2.885	0.61243
2.89	0.61182
2.895	0.61018
2.9	0.61122
2.905	0.61142
2.91	0.61453
2.915	0.61848
2.92	0.61199
2.925	0.60708
2.93	0.61097
2.935	0.60827
2.94	0.60898
2.945	0.60481
2.95	0.60692
2.955	0.60979
2.96	0.61033
2.965	0.61081
2.97	0.60837
2.975	0.60843
2.98	0.60936
2.985	0.60642
2.99	0.60990
2.995	0.61091
3	0.61006
3.005	0.61145
3.01	0.61350
3.015	0.61107
3.02	0.61469
3.025	0.61589
3.03	0.61488
3.035	0.61170
3.04	0.61588
3.045	0.61041
3.05	0.61209
3.055	0.61439
3.06	0.61617
3.065	0.61735
3.07	0.61761
3.075	0.61743
3.08	0.61816
3.085	0.62150
3.09	0.62262
3.095	0.62501
3.1	0.62577
3.105	0.62774
3.11	0.62438
3.115	0.62695
3.12	0.62607
3.125	0.62395
3.13	0.62694
3.135	0.63055
3.14	0.63224
3.145	0.62893
3.15	0.62988
3.155	0.62958
3.16	0.63049
3.165	0.63277
3.17	0.63222
3.175	0.63224
3.18	0.62995
3.185	0.63225
3.19	0.63100
3.195	0.63185
3.2	0.63367
3.205	0.63122
3.21	0.63100
3.215	0.63493
3.22	0.63451
3.225	0.63445
3.23	0.63249
3.235	0.63321
3.24	0.63313
3.245	0.63386
3.25	0.63386
3.255	0.63613
3.26	0.63444
3.265	0.63255
3.27	0.62905
3.275	0.62999
3.28	0.62888
3.285	0.62883
3.29	0.62839
3.295	0.62814
3.3	0.62805
3.305	0.62619
3.31	0.62524
3.315	0.62283
3.32	0.62207
3.325	0.61732
3.33	0.61779
3.335	0.61666
3.34	0.61256
3.345	0.61343
3.35	0.61041
3.355	0.60677
3.36	0.61122
3.365	0.61016
3.37	0.61469
3.375	0.61594
3.38	0.61782
3.385	0.61800
3.39	0.61706
3.395	0.61600
3.4	0.61348
3.405	0.61955
3.41	0.61937
3.415	0.62136
3.42	0.62394
3.425	0.62186
3.43	0.62196
3.435	0.62015
3.44	0.62554
3.445	0.62061
3.45	0.61891
3.455	0.61977
3.46	0.61581
3.465	0.61672
3.47	0.61524
3.475	0.61126
3.48	0.60767
3.485	0.60758
3.49	0.61393
3.495	0.61013
3.5	0.60546
3.505	0.60446
3.51	0.60730
3.515	0.60459
3.52	0.60192
3.525	0.60268
3.53	0.60229
3.535	0.60188
3.54	0.60022
3.545	0.60275
3.55	0.59450
3.555	0.58667
3.56	0.59924
3.565	0.58779
3.57	0.59128
3.575	0.58846
3.58	0.58110
3.585	0.58055
3.59	0.59587
3.595	0.58917
3.6	0.57660
